0 , 1
0 , 1
0.001 , 0.986832
0.002 , 0.952264
0.003 , 0.89888
0.004 , 0.830611
0.005 , 0.752339
0.006 , 0.669409
0.007 , 0.587117
0.008 , 0.510211
0.009 , 0.442472
0.01 , 0.38642
0.011 , 0.343169
0.012 , 0.312439
0.013 , 0.292735
0.014 , 0.281647
0.015 , 0.276246
0.016 , 0.273523
0.017 , 0.270809
0.018 , 0.266137
0.019 , 0.258499
0.02 , 0.247957
0.021 , 0.235617
0.022 , 0.223453
0.023 , 0.214012
0.024 , 0.210043
0.025 , 0.214078
0.026 , 0.228049
0.027 , 0.252955
0.028 , 0.288645
0.029 , 0.333744
0.03 , 0.385716
0.031 , 0.441085
0.032 , 0.495762
0.033 , 0.545468
0.034 , 0.586183
0.035 , 0.614583
0.036 , 0.628403
0.037 , 0.626696
0.038 , 0.609941
0.039 , 0.580002
0.04 , 0.539932
0.041 , 0.493648
0.042 , 0.445511
0.043 , 0.399858
0.044 , 0.360546
0.045 , 0.330549
0.046 , 0.31166
0.047 , 0.304332
0.048 , 0.307667
0.049 , 0.319567
0.05 , 0.337008
0.051 , 0.356427
0.052 , 0.374152
0.053 , 0.38685
0.054 , 0.391917
0.055 , 0.38778
0.056 , 0.374075
0.057 , 0.351672
0.058 , 0.322562
0.059 , 0.289602
0.06 , 0.256163
0.061 , 0.225723
0.062 , 0.201442
0.063 , 0.185784
0.064 , 0.180222
0.065 , 0.185063
0.066 , 0.199416
0.067 , 0.221296
0.068 , 0.247866
0.069 , 0.275778
0.07 , 0.301571
0.071 , 0.322084
0.072 , 0.334835
0.073 , 0.33831
0.074 , 0.332147
0.075 , 0.317175
0.076 , 0.295314
0.077 , 0.269344
0.078 , 0.242574
0.079 , 0.218446
0.08 , 0.200125
0.081 , 0.190122
0.082 , 0.18999
0.083 , 0.200142
0.084 , 0.219799
0.085 , 0.247077
0.086 , 0.279211
0.087 , 0.312878
0.088 , 0.344594
0.089 , 0.371121
0.09 , 0.389852
0.091 , 0.399124
0.092 , 0.398412
0.093 , 0.388397
0.094 , 0.370888
0.095 , 0.34861
0.096 , 0.324889
0.097 , 0.303252
0.098 , 0.287019
0.099 , 0.278902
0.1 , 0.280681
0.101 , 0.292983
0.102 , 0.315198
0.103 , 0.345527
0.104 , 0.381183
0.105 , 0.41869
0.106 , 0.454267
0.107 , 0.484255
0.108 , 0.505512
0.109 , 0.515765
0.11 , 0.513854
0.111 , 0.499854
0.112 , 0.475048
0.113 , 0.441779
0.114 , 0.403169
0.115 , 0.362767
0.116 , 0.32415
0.117 , 0.290524
0.118 , 0.264386
0.119 , 0.247266
0.12 , 0.239595
0.121 , 0.240701
0.122 , 0.248939
0.123 , 0.261931
0.124 , 0.276896
0.125 , 0.291021
0.126 , 0.301822
0.127 , 0.307477
0.128 , 0.307054
0.129 , 0.300637
0.13 , 0.289321
0.131 , 0.275075
0.132 , 0.2605
0.133 , 0.248497
0.134 , 0.241897
0.135 , 0.24309
0.136 , 0.253702
0.137 , 0.274356
0.138 , 0.30455
0.139 , 0.342665
0.14 , 0.386103
0.141 , 0.431545
0.142 , 0.475295
0.143 , 0.513672
0.144 , 0.543406
0.145 , 0.561995
0.146 , 0.567976
0.147 , 0.561081
0.148 , 0.542268
0.149 , 0.513608
0.15 , 0.478052
0.151 , 0.43911
0.152 , 0.400456
0.153 , 0.365537
0.154 , 0.337196
0.155 , 0.317382
0.156 , 0.306961
0.157 , 0.305649
0.158 , 0.312087
0.159 , 0.324031
0.16 , 0.338645
0.161 , 0.352857
0.162 , 0.363732
0.163 , 0.368832
0.164 , 0.3665
0.165 , 0.356056
0.166 , 0.337868
0.167 , 0.313299
0.168 , 0.284535
0.169 , 0.254315
0.17 , 0.225596
0.171 , 0.201198
0.172 , 0.183467
0.173 , 0.173993
0.174 , 0.173427
0.175 , 0.181409
0.176 , 0.196622
0.177 , 0.216958
0.178 , 0.239781
0.179 , 0.262254
0.18 , 0.28169
0.181 , 0.295882
0.182 , 0.303379
0.183 , 0.303665
0.184 , 0.297228
0.185 , 0.285505
0.186 , 0.270711
0.187 , 0.255567
0.188 , 0.242972
0.189 , 0.235638
0.19 , 0.235751
0.191 , 0.244683
0.192 , 0.262799
0.193 , 0.289379
0.194 , 0.322662
0.195 , 0.360018
0.196 , 0.398216
0.197 , 0.433764
0.198 , 0.463289
0.199 , 0.483896
0.2 , 0.493489
0.201 , 0.490991
0.202 , 0.476461
0.203 , 0.451083
0.204 , 0.417031
0.205 , 0.377227
0.206 , 0.33502
0.207 , 0.293823
0.208 , 0.256752
0.209 , 0.226305
0.21 , 0.204115
0.211 , 0.190816
0.212 , 0.18602
0.213 , 0.188416
0.214 , 0.195973
0.215 , 0.206227
0.216 , 0.216605
0.217 , 0.224761
0.218 , 0.228873
0.219 , 0.22787
0.22 , 0.221561
0.221 , 0.210652
0.222 , 0.196647
0.223 , 0.181656
0.224 , 0.168114
0.225 , 0.158466
0.226 , 0.154847
0.227 , 0.158791
0.228 , 0.171018
0.229 , 0.191315
0.23 , 0.218525
0.231 , 0.250655
0.232 , 0.285085
0.233 , 0.318856
0.234 , 0.348993
0.235 , 0.372854
0.236 , 0.388422
0.237 , 0.394544
0.238 , 0.391064
0.239 , 0.37885
0.24 , 0.359692
0.241 , 0.336108
0.242 , 0.311055
0.243 , 0.287593
0.244 , 0.268542
0.245 , 0.256157
0.246 , 0.251876
0.247 , 0.256158
0.248 , 0.268433
0.249 , 0.287173
0.25 , 0.310068
0.251 , 0.334296
0.252 , 0.356843
0.253 , 0.374851
0.254 , 0.385942
0.255 , 0.388483
0.256 , 0.381771
0.257 , 0.366101
0.258 , 0.342728
0.259 , 0.313715
0.26 , 0.281695
0.261 , 0.24956
0.262 , 0.220142
0.263 , 0.195891
0.264 , 0.17861
0.265 , 0.169267
0.266 , 0.167907
0.267 , 0.173681
0.268 , 0.184965
0.269 , 0.199586
0.27 , 0.215096
0.271 , 0.229081
0.272 , 0.239463
0.273 , 0.244748
0.274 , 0.244211
0.275 , 0.237976
0.276 , 0.226994
0.277 , 0.212921
0.278 , 0.197904
0.279 , 0.18431
0.28 , 0.174426
0.281 , 0.170166
0.282 , 0.172821
0.283 , 0.182887
0.284 , 0.199981
0.285 , 0.222869
0.286 , 0.249593
0.287 , 0.277686
0.288 , 0.304453
0.289 , 0.32728
0.29 , 0.343937
0.291 , 0.352842
0.292 , 0.353247
0.293 , 0.345337
0.294 , 0.330213
0.295 , 0.309775
0.296 , 0.286514
0.297 , 0.263228
0.298 , 0.242711
0.299 , 0.227436
0.3 , 0.219271
0.301 , 0.219272
0.302 , 0.227562
0.303 , 0.243318
0.304 , 0.264859
0.305 , 0.289841
0.306 , 0.315516
0.307 , 0.339039
0.308 , 0.357782
0.309 , 0.369618
0.31 , 0.37315
0.311 , 0.367849
0.312 , 0.354099
0.313 , 0.333128
0.314 , 0.306852
0.315 , 0.277648
0.316 , 0.248065
0.317 , 0.220541
0.318 , 0.197128
0.319 , 0.179274
0.32 , 0.167688
0.321 , 0.162292
0.322 , 0.162273
0.323 , 0.166229
0.324 , 0.172379
0.325 , 0.178826
0.326 , 0.183825
0.327 , 0.186031
0.328 , 0.184699
0.329 , 0.179798
0.33 , 0.172044
0.331 , 0.162821
0.332 , 0.154029
0.333 , 0.147847
0.334 , 0.146461
0.335 , 0.151778
0.336 , 0.165162
0.337 , 0.187226
0.338 , 0.217704
0.339 , 0.255422
0.34 , 0.298368
0.341 , 0.34386
0.342 , 0.388795
0.343 , 0.429941
0.344 , 0.464259
0.345 , 0.489201
0.346 , 0.502961
0.347 , 0.504645
0.348 , 0.494353
0.349 , 0.473148
0.35 , 0.442932
0.351 , 0.406233
0.352 , 0.365931
0.353 , 0.324959
0.354 , 0.286009
0.355 , 0.251268
0.356 , 0.222235
0.357 , 0.199613
0.358 , 0.183299
0.359 , 0.172477
0.36 , 0.165784
0.361 , 0.161537
0.362 , 0.157997
0.363 , 0.153621
0.364 , 0.147291
0.365 , 0.138475
0.366 , 0.127308
0.367 , 0.114584
0.368 , 0.101662
0.369 , 0.090287
0.37 , 0.0823622
0.371 , 0.0796904
0.372 , 0.0837217
0.373 , 0.0953357
0.374 , 0.114688
0.375 , 0.141137
0.376 , 0.173269
0.377 , 0.209007
0.378 , 0.245807
0.379 , 0.280909
0.38 , 0.311618
0.381 , 0.335586
0.382 , 0.351057
0.383 , 0.357046
0.384 , 0.353449
0.385 , 0.341035
0.386 , 0.321365
0.387 , 0.296611
0.388 , 0.269312
0.389 , 0.242103
0.39 , 0.217423
0.391 , 0.197261
0.392 , 0.182955
0.393 , 0.175065
0.394 , 0.173346
0.395 , 0.17681
0.396 , 0.183869
0.397 , 0.192554
0.398 , 0.200771
0.399 , 0.206568
0.4 , 0.208378
0.401 , 0.205216
0.402 , 0.196801
0.403 , 0.183593
0.404 , 0.166734
0.405 , 0.147915
0.406 , 0.129164
0.407 , 0.112607
0.408 , 0.100201
0.409 , 0.0934984
0.41 , 0.0934512
0.411 , 0.10029
0.412 , 0.113484
0.413 , 0.131795
0.414 , 0.153409
0.415 , 0.176138
0.416 , 0.19767
0.417 , 0.215823
0.418 , 0.228795
0.419 , 0.235363
0.42 , 0.235014
0.421 , 0.227997
0.422 , 0.215286
0.423 , 0.198458
0.424 , 0.1795
0.425 , 0.160581
0.426 , 0.143792
0.427 , 0.130906
0.428 , 0.123181
0.429 , 0.121218
0.43 , 0.12491
0.431 , 0.133464
0.432 , 0.145518
0.433 , 0.159316
0.434 , 0.172937
0.435 , 0.184537
0.436 , 0.192585
0.437 , 0.196059
0.438 , 0.194579
0.439 , 0.188465
0.44 , 0.178702
0.441 , 0.166833
0.442 , 0.154776
0.443 , 0.144596
0.444 , 0.138248
0.445 , 0.137347
0.446 , 0.142949
0.447 , 0.155418
0.448 , 0.174354
0.449 , 0.198616
0.45 , 0.226427
0.451 , 0.255555
0.452 , 0.283537
0.453 , 0.307948
0.454 , 0.326643
0.455 , 0.337993
0.456 , 0.341043
0.457 , 0.335606
0.458 , 0.322272
0.459 , 0.30233
0.46 , 0.277613
0.461 , 0.250291
0.462 , 0.222629
0.463 , 0.196746
0.464 , 0.174389
0.465 , 0.156771
0.466 , 0.144462
0.467 , 0.137371
0.468 , 0.1348
0.469 , 0.135576
0.47 , 0.138232
0.471 , 0.141227
0.472 , 0.14316
0.473 , 0.142971
0.474 , 0.140094
0.475 , 0.134538
0.476 , 0.126898
0.477 , 0.11829
0.478 , 0.11021
0.479 , 0.104348
0.48 , 0.102364
0.481 , 0.105669
0.482 , 0.115222
0.483 , 0.131381
0.484 , 0.153819
0.485 , 0.181517
0.486 , 0.212841
0.487 , 0.245685
0.488 , 0.277683
0.489 , 0.30644
0.49 , 0.32978
0.491 , 0.345973
0.492 , 0.35391
0.493 , 0.353219
0.494 , 0.344294
0.495 , 0.328252
0.496 , 0.306796
0.497 , 0.282038
0.498 , 0.256259
0.499 , 0.23167
0.5 , 0.210182
0.501 , 0.193208
0.502 , 0.181536
0.503 , 0.175268
0.504 , 0.173845
0.505 , 0.176142
0.506 , 0.180632
0.507 , 0.185585
0.508 , 0.189299
0.509 , 0.190309
0.51 , 0.187572
0.511 , 0.180592
0.512 , 0.169482
0.513 , 0.154947
0.514 , 0.138192
0.515 , 0.120774
0.516 , 0.104411
0.517 , 0.0907691
0.518 , 0.0812556
0.519 , 0.0768492
0.52 , 0.0779763
0.521 , 0.0844573
0.522 , 0.0955249
0.523 , 0.109914
0.524 , 0.126013
0.525 , 0.142054
0.526 , 0.156324
0.527 , 0.167374
0.528 , 0.174189
0.529 , 0.176315
0.53 , 0.173913
0.531 , 0.167742
0.532 , 0.159067
0.533 , 0.149514
0.534 , 0.140867
0.535 , 0.134859
0.536 , 0.132951
0.537 , 0.136155
0.538 , 0.144895
0.539 , 0.158948
0.54 , 0.177445
0.541 , 0.19896
0.542 , 0.221653
0.543 , 0.243466
0.544 , 0.26235
0.545 , 0.276479
0.546 , 0.284456
0.547 , 0.285454
0.548 , 0.279313
0.549 , 0.266542
0.55 , 0.248267
0.551 , 0.226094
0.552 , 0.201935
0.553 , 0.177794
0.554 , 0.155553
0.555 , 0.136772
0.556 , 0.122536
0.557 , 0.113357
0.558 , 0.109143
0.559 , 0.109249
0.56 , 0.112576
0.561 , 0.117738
0.562 , 0.123248
0.563 , 0.127718
0.564 , 0.13004
0.565 , 0.129531
0.566 , 0.12602
0.567 , 0.119869
0.568 , 0.111929
0.569 , 0.10343
0.57 , 0.0958219
0.571 , 0.0905867
0.572 , 0.0890443
0.573 , 0.092173
0.574 , 0.10047
0.575 , 0.113868
0.576 , 0.131716
0.577 , 0.152835
0.578 , 0.175632
0.579 , 0.198265
0.58 , 0.218847
0.581 , 0.235648
0.582 , 0.247291
0.583 , 0.252905
0.584 , 0.252221
0.585 , 0.245607
0.586 , 0.234024
0.587 , 0.218919
0.588 , 0.202064
0.589 , 0.185358
0.59 , 0.170611
0.591 , 0.15935
0.592 , 0.152647
0.593 , 0.151007
0.594 , 0.15432
0.595 , 0.161881
0.596 , 0.172483
0.597 , 0.184562
0.598 , 0.196383
0.599 , 0.206245
0.6 , 0.212676
0.601 , 0.214606
0.602 , 0.211483
0.603 , 0.203333
0.604 , 0.190754
0.605 , 0.174833
0.606 , 0.15702
0.607 , 0.138954
0.608 , 0.12227
0.609 , 0.108408
0.61 , 0.0984511
0.611 , 0.0930074
0.612 , 0.0921461
0.613 , 0.0954033
0.614 , 0.101849
0.615 , 0.110212
0.616 , 0.119041
0.617 , 0.126888
0.618 , 0.132491
0.619 , 0.134933
0.62 , 0.13375
0.621 , 0.128997
0.622 , 0.121238
0.623 , 0.111477
0.624 , 0.101038
0.625 , 0.0914001
0.626 , 0.0840132
0.627 , 0.0801182
0.628 , 0.0805871
0.629 , 0.085807
0.63 , 0.0956207
0.631 , 0.109331
0.632 , 0.125769
0.633 , 0.143419
0.634 , 0.160583
0.635 , 0.175574
0.636 , 0.186902
0.637 , 0.193447
0.638 , 0.194581
0.639 , 0.190248
0.64 , 0.180967
0.641 , 0.167774
0.642 , 0.152111
0.643 , 0.135662
0.644 , 0.120164
0.645 , 0.107217
0.646 , 0.0981079
0.647 , 0.0936691
0.648 , 0.0941943
0.649 , 0.0994134
0.65 , 0.108532
0.651 , 0.120332
0.652 , 0.133314
0.653 , 0.145878
0.654 , 0.156504
0.655 , 0.163925
0.656 , 0.167268
0.657 , 0.166146
0.658 , 0.16069
0.659 , 0.151521
0.66 , 0.139668
0.661 , 0.126433
0.662 , 0.113231
0.663 , 0.101419
0.664 , 0.092133
0.665 , 0.0861578
0.666 , 0.0838374
0.667 , 0.0850453
0.668 , 0.0892111
0.669 , 0.0954023
0.67 , 0.102451
0.671 , 0.109111
0.672 , 0.114221
0.673 , 0.116863
0.674 , 0.116489
0.675 , 0.112998
0.676 , 0.106765
0.677 , 0.0986091
0.678 , 0.0897032
0.679 , 0.0814406
0.68 , 0.0752716
0.681 , 0.0725289
0.682 , 0.0742624
0.683 , 0.0811034
0.684 , 0.0931746
0.685 , 0.110055
0.686 , 0.130808
0.687 , 0.154065
0.688 , 0.178159
0.689 , 0.201295
0.69 , 0.221729
0.691 , 0.23795
0.692 , 0.248829
0.693 , 0.25373
0.694 , 0.252565
0.695 , 0.245791
0.696 , 0.234343
0.697 , 0.219521
0.698 , 0.202841
0.699 , 0.185857
0.7 , 0.169995
0.701 , 0.156401
0.702 , 0.145827
0.703 , 0.138568
0.704 , 0.134455
0.705 , 0.132903
0.706 , 0.133008
0.707 , 0.133687
0.708 , 0.133827
0.709 , 0.132447
0.71 , 0.12883
0.711 , 0.12263
0.712 , 0.113926
0.713 , 0.103223
0.714 , 0.0913973
0.715 , 0.0796007
0.716 , 0.069118
0.717 , 0.0612131
0.718 , 0.0569715
0.719 , 0.0571613
0.72 , 0.0621296
0.721 , 0.0717461
0.722 , 0.0854019
0.723 , 0.102064
0.724 , 0.120378
0.725 , 0.138813
0.726 , 0.155818
0.727 , 0.169996
0.728 , 0.180248
0.729 , 0.18589
0.73 , 0.186723
0.731 , 0.183049
0.732 , 0.175623
0.733 , 0.165564
0.734 , 0.15422
0.735 , 0.143007
0.736 , 0.133248
0.737 , 0.126017
0.738 , 0.12202
0.739 , 0.121514
0.74 , 0.12429
0.741 , 0.129698
0.742 , 0.136734
0.743 , 0.144162
0.744 , 0.150669
0.745 , 0.155024
0.746 , 0.156228
0.747 , 0.153635
0.748 , 0.147036
0.749 , 0.136686
0.75 , 0.123279
0.751 , 0.10787
0.752 , 0.0917592
0.753 , 0.0763401
0.754 , 0.0629451
0.755 , 0.0526933
0.756 , 0.0463654
0.757 , 0.0443181
0.758 , 0.0464476
0.759 , 0.0522073
0.76 , 0.0606758
0.761 , 0.0706677
0.762 , 0.0808743
0.763 , 0.0900165
0.764 , 0.0969927
0.765 , 0.101004
0.766 , 0.10164
0.767 , 0.0989245
0.768 , 0.0932981
0.769 , 0.0855611
0.77 , 0.0767688
0.771 , 0.0680986
0.772 , 0.0607034
0.773 , 0.0555691
0.774 , 0.0533936
0.775 , 0.0545011
0.776 , 0.0588028
0.777 , 0.0658078
0.778 , 0.074684
0.779 , 0.08436
0.78 , 0.0936579
0.781 , 0.101439
0.782 , 0.106747
0.783 , 0.108928
0.784 , 0.107719
0.785 , 0.103287
0.786 , 0.0962184
0.787 , 0.0874569
0.788 , 0.0782003
0.789 , 0.0697636
0.79 , 0.0634273
0.791 , 0.0602876
0.792 , 0.0611251
0.793 , 0.0663089
0.794 , 0.0757456
0.795 , 0.0888806
0.796 , 0.10475
0.797 , 0.122081
0.798 , 0.139421
0.799 , 0.155294
0.8 , 0.168351
0.801 , 0.177514
0.802 , 0.182078
0.803 , 0.18178
0.804 , 0.176815
0.805 , 0.167799
0.806 , 0.15569
0.807 , 0.141673
0.808 , 0.127016
0.809 , 0.112934
0.81 , 0.100456
0.811 , 0.0903181
0.812 , 0.0828994
0.813 , 0.0782031
0.814 , 0.0758829
0.815 , 0.0753143
0.816 , 0.0756983
0.817 , 0.0761867
0.818 , 0.0760104
0.819 , 0.0745975
0.82 , 0.0716639
0.821 , 0.067266
0.822 , 0.0618087
0.823 , 0.0560068
0.824 , 0.0508045
0.825 , 0.0472621
0.826 , 0.0464227
0.827 , 0.0491763
0.828 , 0.056136
0.829 , 0.0675432
0.83 , 0.0832114
0.831 , 0.102518
0.832 , 0.124446
0.833 , 0.147669
0.834 , 0.170674
0.835 , 0.191907
0.836 , 0.209922
0.837 , 0.223527
0.838 , 0.231897
0.839 , 0.234653
0.84 , 0.231888
0.841 , 0.224152
0.842 , 0.212382
0.843 , 0.197793
0.844 , 0.181749
0.845 , 0.165609
0.846 , 0.150596
0.847 , 0.137667
0.848 , 0.127432
0.849 , 0.12011
0.85 , 0.115532
0.851 , 0.113186
0.852 , 0.112312
0.853 , 0.112011
0.854 , 0.111376
0.855 , 0.109615
0.856 , 0.106163
0.857 , 0.100753
0.858 , 0.0934598
0.859 , 0.0846886
0.86 , 0.0751286
0.861 , 0.0656662
0.862 , 0.0572731
0.863 , 0.0508831
0.864 , 0.0472712
0.865 , 0.0469506
0.866 , 0.0501004
0.867 , 0.0565329
0.868 , 0.0657044
0.869 , 0.0767686
0.87 , 0.0886676
0.871 , 0.100248
0.872 , 0.11039
0.873 , 0.118136
0.874 , 0.122795
0.875 , 0.124027
0.876 , 0.12188
0.877 , 0.116781
0.878 , 0.109492
0.879 , 0.101016
0.88 , 0.092487
0.881 , 0.0850326
0.882 , 0.0796466
0.883 , 0.0770726
0.884 , 0.0777167
0.885 , 0.0816001
0.886 , 0.0883551
0.887 , 0.0972663
0.888 , 0.107351
0.889 , 0.11747
0.89 , 0.126459
0.891 , 0.133255
0.892 , 0.137019
0.893 , 0.13723
0.894 , 0.133735
0.895 , 0.126771
0.896 , 0.116928
0.897 , 0.105082
0.898 , 0.0922917
0.899 , 0.0796783
0.9 , 0.0682989
0.901 , 0.0590298
0.902 , 0.0524729
0.903 , 0.0488959
0.904 , 0.048213
0.905 , 0.0500076
0.906 , 0.0535937
0.907 , 0.0581088
0.908 , 0.0626262
0.909 , 0.0662732
0.91 , 0.0683419
0.911 , 0.0683769
0.912 , 0.0662331
0.913 , 0.0620925
0.914 , 0.0564422
0.915 , 0.0500129
0.916 , 0.0436881
0.917 , 0.0383932
0.918 , 0.0349786
0.919 , 0.034111
0.92 , 0.0361856
0.921 , 0.0412704
0.922 , 0.049089
0.923 , 0.0590448
0.924 , 0.0702828
0.925 , 0.0817841
0.926 , 0.092479
0.927 , 0.101369
0.928 , 0.107641
0.929 , 0.110759
0.93 , 0.110531
0.931 , 0.107126
0.932 , 0.101062
0.933 , 0.0931414
0.934 , 0.0843665
0.935 , 0.0758208
0.936 , 0.0685476
0.937 , 0.0634321
0.938 , 0.0611005
0.939 , 0.0618504
0.94 , 0.0656186
0.941 , 0.0719903
0.942 , 0.0802485
0.943 , 0.0894576
0.944 , 0.098572
0.945 , 0.106556
0.946 , 0.112501
0.947 , 0.11573
0.948 , 0.115867
0.949 , 0.112883
0.95 , 0.107087
0.951 , 0.0990938
0.952 , 0.0897394
0.953 , 0.0799877
0.954 , 0.0708138
0.955 , 0.0630916
0.956 , 0.0574937
0.957 , 0.0544173
0.958 , 0.0539439
0.959 , 0.0558373
0.96 , 0.0595796
0.961 , 0.0644413
0.962 , 0.0695762
0.963 , 0.0741298
0.964 , 0.0773482
0.965 , 0.0786733
0.966 , 0.0778152
0.967 , 0.07479
0.968 , 0.069921
0.969 , 0.0638015
0.97 , 0.0572243
0.971 , 0.0510865
0.972 , 0.0462796
0.973 , 0.04358
0.974 , 0.0435511
0.975 , 0.0464702
0.976 , 0.0522876
0.977 , 0.0606251
0.978 , 0.0708116
0.979 , 0.0819543
0.98 , 0.0930357
0.981 , 0.103027
0.982 , 0.111001
0.983 , 0.116239
0.984 , 0.118308
0.985 , 0.117113
0.986 , 0.112904
0.987 , 0.106246
0.988 , 0.0979599
0.989 , 0.0890218
0.99 , 0.080458
0.991 , 0.0732264
0.992 , 0.0681107
0.993 , 0.0656335
0.994 , 0.0660007
0.995 , 0.0690825
0.996 , 0.0744329
0.997 , 0.0813451
0.998 , 0.0889368
0.999 , 0.0962534
1 , 0.10238
